0 0 0
0 0 0
3 3 5
3 3 5
3 3 5
3 3 5
3 3 5
3 3 5
3 3 5
3 3 5
3 3 5
3 3 5
3 3 5
3 3 5
4 4 5.75
4 4 5.75
4 3 4.75
4 3 4.75
4 3 4.75
4 3 4.75
4 2 4
4 3 4.75
4 3 4.75
4 3 4.75
4 3 4.75
4 3 4.75
4 3 4.75
4 3 4.75
4 3 4.75
4 3 4.75
4 3 4.75
4 3 4.75
4 2 1.75
5 3 2.5
5 4 5.5
6 4 5.5
6 3 4.75
6 3 4.75
6 5 6.25
6 5 6.25
6 5 6.25
6 5 6.25
6 5 6.25
6 4 5.5
6 4 5.5
6 4 5.5
6 4 5.5
6 4 5.5
6 3 4.75
6 4 5.5
7 5 6.25
7 5 6.25
7 5 6.25
7 5 6.25
7 3 4.75
7 5 6.25
7 5 6.25
7 5 6.25
7 5 6.25
7 4 5.5
7 4 5.5
7 3 4.75
8 6 7.25
8 6 7.25
8 3 5
8 3 5
8 4 5.75
8 4 5.75
8 4 5.75
8 4 5.75
8 4 5.75
8 4 5.75
8 4 5.75
8 3 5
8 3 5
8 3 5
8 3 5
8 3 5
8 3 5
8 3 5
8 3 5
8 3 5
8 3 5
8 3 5
9 4 5.75
9 4 5.75
9 4 5.75
9 4 5.75
9 4 5.75
9 4 5.75
9 4 5.75
9 4 5.75
9 4 5.75
9 4 5.75
9 4 5.75
9 4 5.75
9 5 6.5
9 4 5.75
9 4 5.75
9 4 5.75
9 4 5.75
9 3 4.75
9 3 4.75
9 3 4.75
9 3 4.75
9 3 4.75
9 2 1.75
9 2 1.75
9 2 1.75
9 2 1.75
9 2 1.75
9 2 1.75
9 3 2.5
9 3 2.5
9 3 2.5
9 3 2.5
9 2 1.75
9 2 1.75
9 3 2.5
9 2 1.75
9 1 1
9 1 1
9 2 1.75
9 2 1.75
9 1 1
9 1 1
9 1 1
