1 6
2 13
3 21
4 25
5 29
6 30
7 31
8 32
9 34
10 35
11 30
12 24
13 19
14 16
15 13
16 13
17 12
18 11
19 10
20 9
21 9
22 9
23 6
24 6
25 8
26 9
27 11
28 13
29 14
30 15
31 14
32 14
33 15
34 16
35 17
36 18
37 18
38 20
39 22
40 26
41 29
42 32
43 35
44 36
45 34
46 33
47 33
48 33
49 34
50 35
51 36
52 38
53 39
54 43
55 48
56 53
57 56
58 55
59 55
60 50
61 49
62 45
63 42
64 38
65 34
66 30
67 29
68 29
69 26
70 27
71 27
72 27
73 27
74 26
75 25
76 24
77 23
78 22
79 22
80 23
81 23
82 24
83 25
84 25
85 25
86 25
87 24
88 24
89 24
90 23
91 22
