1 4
2 10
3 14
4 18
5 22
6 23
7 25
8 28
9 29
10 31
11 28
12 24
13 23
14 20
15 19
16 20
17 18
18 15
19 15
20 14
21 15
22 13
23 12
24 13
25 13
26 13
27 15
28 17
29 19
30 19
31 17
32 18
33 17
34 18
35 19
36 20
37 20
38 22
39 23
40 27
41 31
42 34
43 37
44 36
45 33
46 32
47 32
48 32
49 32
50 30
51 31
52 33
53 33
54 37
55 41
56 44
57 47
58 46
59 44
60 43
61 41
62 38
63 36
64 32
65 30
66 29
67 27
68 27
69 28
70 28
71 30
72 29
73 29
74 29
75 28
76 27
77 27
78 26
79 25
80 28
81 26
82 27
83 28
84 28
85 28
86 27
87 26
88 26
89 26
90 25
91 26
92 26
93 26
94 29
95 33
96 37
97 37
98 37
99 39
100 39
101 38
102 37
103 35
104 33
105 30
106 28
107 28
108 28
109 26
110 23
111 21
112 22
113 22
114 20
115 18
116 15
117 14
118 13
119 14
120 16
121 20
122 21
123 24
124 26
125 28
126 30
127 31
128 35
129 36
130 38
131 37
132 37
133 36
134 36
135 37
136 38
137 39
138 39
139 39
140 38
141 38
142 36
143 36
144 36
145 35
146 34
147 34
148 33
149 32
150 31
151 30
152 31
153 31
154 33
155 35
156 36
157 36
158 37
159 37
160 37
161 37
162 38
163 38
164 36
165 34
166 33
167 33
168 31
169 31
170 31
171 31
172 30
173 30
174 30
175 30
176 30
177 30
178 30
179 31
180 32
181 33
182 35
183 37
184 38
185 39
186 39
187 40
188 41
189 42
190 42
191 42
192 41
193 39
194 38
195 37
196 37
197 36
198 35
199 33
200 32
201 31
202 30
203 30
204 30
205 30
206 30
207 30
208 30
209 30
210 30
211 29
212 30
213 29
214 30
215 29
216 28
217 26
218 25
219 25
220 26
221 25
222 22
223 21
224 18
225 17
226 16
227 16
228 15
229 13
230 9
231 8
232 7
233 6
234 5
235 4
236 3
237 2
238 1
239 0
240 0
241 0
242 0
243 0
244 0
245 0
246 0
247 0
248 0
249 0
250 0
251 0
252 0
253 0
254 0
255 0
256 0
257 0
258 0
259 0
260 0
261 0
262 0
263 0
264 0
265 0
266 0
267 0
268 0
269 0
270 0
271 0
272 0
273 0
274 0
275 0
276 0
277 0
278 0
279 0
280 0
281 0
282 0
283 0
284 0
285 0
286 0
287 0
288 0
289 0
290 0
291 0
292 0
293 0
294 0
295 0
296 0
297 0
298 0
299 0
300 0
301 0
302 0
303 0
304 0
305 0
306 0
307 0
308 0
309 0
310 0
311 0
312 0
313 0
314 0
315 0
316 0
317 0
318 0
319 0
320 0
321 0
322 0
323 3
324 4
325 5
326 6
327 7
328 8
329 9
330 10
331 11
332 12
333 10
334 10
335 10
336 10
337 11
338 11
339 11
340 11
341 12
342 13
343 13
344 14
345 15
346 16
347 15
348 15
349 15
350 15
351 14
352 13
353 14
354 13
355 13
356 12
357 14
358 14
359 14
360 14
361 14
362 13
363 11
364 10
365 8
366 7
367 4
368 3
369 2
370 1
371 0
372 0
373 0
374 0
375 0
376 0
377 0
378 0
379 0
380 0
381 0
382 0
383 0
384 0
385 0
386 0
387 0
388 1
389 2
390 3
391 4
392 5
393 8
394 10
395 12
396 13
397 15
398 17
399 18
400 20
401 22
402 23
403 24
404 26
405 25
406 25
407 23
408 20
409 18
410 15
411 14
412 15
413 13
414 10
415 11
416 11
417 14
418 16
419 19
420 23
421 25
422 27
423 30
424 32
425 34
426 39
427 39
428 40
429 41
430 40
431 40
432 39
433 37
434 37
435 39
436 37
437 37
438 38
439 37
440 36
441 34
442 32
443 31
444 30
445 26
446 24
447 24
448 24
449 23
450 23
451 25
452 27
453 29
454 29
455 31
456 32
457 33
458 33
459 35
460 35
461 33
462 31
463 29
464 28
465 26
466 25
467 23
468 23
469 21
470 20
471 19
472 19
473 19
474 19
475 18
476 17
477 17
478 15
479 15
480 16
481 16
482 15
483 15
484 17
485 18
486 19
487 18
488 17
489 17
490 17
491 20
492 21
493 21
494 21
495 22
496 23
497 23
498 24
499 24
500 28
501 26
502 28
503 30
504 31
505 35
506 37
507 39
508 46
509 49
510 48
511 51
512 49
513 47
514 47
515 42
516 41
517 43
518 37
519 35
520 35
521 34
522 34
523 36
524 34
525 36
526 37
527 37
528 37
529 36
530 33
531 33
532 35
533 33
534 37
535 38
536 36
537 35
538 34
539 36
540 36
541 34
542 34
543 36
544 32
545 29
546 30
547 34
548 38
549 37
550 40
551 42
552 46
553 47
554 52
555 59
556 61
557 58
558 54
559 55
560 54
561 57
562 54
563 54
564 52
565 48
566 46
567 45
568 47
569 47
570 47
571 44
572 43
573 42
574 41
575 40
576 40
577 41
578 41
579 41
580 41
581 39
582 37
583 35
584 33
585 31
586 30
587 27
588 23
589 21
590 19
591 19
592 19
593 19
594 19
595 19
596 18
597 17
598 19
599 19
600 19
601 19
602 19
603 19
604 19
605 20
606 22
607 25
608 28
609 31
610 34
611 37
612 41
613 45
614 48
615 49
616 50
617 51
618 51
619 50
620 49
621 47
622 44
623 41
624 39
625 38
626 36
627 34
628 32
629 31
630 30
631 30
632 30
633 30
634 30
635 30
636 30
637 30
638 30
639 30
640 30
641 31
642 32
643 33
644 33
645 33
646 33
647 33
648 34
649 34
650 34
651 33
652 33
653 33
654 34
655 35
656 38
657 39
658 40
659 41
660 43
661 44
662 46
663 48
664 50
665 51
666 52
667 54
668 55
669 58
670 59
671 61
672 61
673 63
674 63
675 64
676 64
677 65
678 66
679 67
680 69
681 71
682 73
683 72
684 74
685 76
686 77
687 78
688 79
689 78
690 78
691 77
692 76
693 76
694 75
695 75
696 74
697 73
698 73
699 74
700 74
701 74
702 75
703 76
704 77
705 77
706 80
707 81
708 81
709 80
710 80
711 81
712 81
713 81
714 78
715 77
716 76
717 75
718 74
719 74
720 71
721 67
722 65
723 61
724 60
725 56
726 50
727 46
728 41
729 36
730 33
731 31
732 27
733 25
734 23
735 22
736 21
737 22
738 28
739 30
740 31
741 31
742 32
743 32
744 32
745 32
746 34
747 34
748 27
749 24
750 22
751 20
752 17
753 16
754 16
755 16
756 18
757 17
758 17
759 20
760 21
761 25
762 26
763 28
764 29
765 30
766 26
767 25
768 28
769 27
770 29
771 29
772 35
773 36
774 37
775 37
776 38
777 39
778 37
779 37
780 36
781 35
782 30
783 30
784 30
785 29
786 28
787 27
788 27
789 26
790 26
791 26
792 29
793 30
794 29
795 31
796 32
797 32
798 32
799 33
800 36
801 38
802 37
803 36
804 36
805 35
806 34
807 34
808 34
809 35
810 33
811 32
812 32
813 30
814 29
815 28
816 29
817 30
818 31
819 30
820 29
821 28
822 28
823 29
824 30
825 31
826 31
827 31
828 31
829 31
830 31
831 31
832 30
833 30
834 30
835 30
836 30
837 30
838 30
839 30
840 30
841 30
842 30
843 29
844 28
845 27
846 29
847 29
848 29
849 28
850 27
851 26
852 25
853 24
854 23
855 22
856 18
857 16
858 14
859 13
860 12
861 11
862 10
863 10
864 10
865 11
866 12
867 13
868 14
869 14
870 15
871 16
872 17
873 18
874 19
875 19
876 19
877 19
878 21
879 22
880 22
881 23
882 23
883 23
884 23
885 22
886 21
887 22
888 22
889 22
890 22
891 22
892 23
893 24
894 25
895 27
896 29
897 31
898 31
899 29
900 27
901 25
902 23
903 21
904 19
905 17
906 15
907 12
908 10
909 11
910 14
911 13
912 12
913 11
914 10
